% *************************************************************************
% * Copyright 2017 Sebastian Merzbach
% *
% * authors:
% *  - Sebastian Merzbach <smerzbach@gmail.com>
% *
% * file creation date: 2017-03-29
% *
% * This file is part of smml.
% *
% * smml is free software: you can redistribute it and/or modify it under
% * the terms of the GNU Lesser General Public License as published by the
% * Free Software Foundation, either version 3 of the License, or (at your
% * option) any later version.
% *
% * smml is distributed in the hope that it will be useful, but WITHOUT
% * ANY WARRANTY; without even the implied warranty of MERCHANTABILITY or
% * FITNESS FOR A PARTICULAR PURPOSE.  See the GNU Lesser General Public
% * License for more details.
% *
% * You should have received a copy of the GNU Lesser General Public
% * License along with smml.  If not, see <http://www.gnu.org/licenses/>.
% *
% *************************************************************************
%
% Return the CIE 1931 RGB color matching functions.
function [rgb, wls] = cie_rgb_1931()
    wls = 360 : 830;
    
    rgb = [0.000003523064308, -0.000001330760058, 0.000108115991987;
        0.000003925494975, -0.000001489375943, 0.000121454905663;
        0.000004372841561, -0.000001666994206, 0.000136486356252;
        0.000004871506371, -0.000001866097610, 0.000153408565801;
        0.000005427941601, -0.000002089114043, 0.000172419922652;
        0.000006048516296, -0.000002338521280, 0.000193720478082;
        0.000006743790106, -0.000002619740496, 0.000217726631427;
        0.000007524023348, -0.000002937427911, 0.000244865757403;
        0.000008395302372, -0.000003292897248, 0.000275342397217;
        0.000009363746783, -0.000003687412336, 0.000309359429138;
        0.000010435442931, -0.000004122286897, 0.000347124720248;
        0.000011609226758, -0.000004593712806, 0.000388468651009;
        0.000012910491309, -0.000005116274016, 0.000434497074286;
        0.000014385033858, -0.000005718839107, 0.000487321919614;
        0.000016078801344, -0.000006430326549, 0.000549060105335;
        0.000018037374860, -0.000007279621550, 0.000621828549795;
        0.000020341539870, -0.000008310559121, 0.000709096138824;
        0.000022977294445, -0.000009509120704, 0.000809996482434;
        0.000025848853436, -0.000010817253183, 0.000920134439082;
        0.000028860265399, -0.000012177003216, 0.001035114867229;
        0.000031916410357, -0.000013530434089, 0.001150542625331;
        0.000034945449448, -0.000014836571044, 0.001263494270776;
        0.000038131968639, -0.000016187889987, 0.001381629289730;
        0.000041763822262, -0.000017726738296, 0.001516423607950;
        0.000046127700595, -0.000019594881318, 0.001679349825320;
        0.000051511790556, -0.000021934799465, 0.001881895508154;
        0.000058176840612, -0.000024877532145, 0.002134445695774;
        0.000066080113291, -0.000028399133068, 0.002435919479362;
        0.000075044339546, -0.000032406477785, 0.002780579727508;
        0.000084894744737, -0.000036807273311, 0.003162672679437;
        0.000095455556461, -0.000041509060369, 0.003576494462469;
        0.000106514085121, -0.000046406076188, 0.004015542994340;
        0.000118462118591, -0.000051702861976, 0.004495649431870;
        0.000132035838920, -0.000057773245889, 0.005044485040759;
        0.000147971760748, -0.000064991056085, 0.005689737716074;
        0.000167005400950, -0.000073730287012, 0.006459062094150;
        0.000190058691600, -0.000084453401352, 0.007391587074142;
        0.000216667340787, -0.000096945547691, 0.008473626687497;
        0.000245486032770, -0.000110562836960, 0.009653796192019;
        0.000275171114743, -0.000124661380094, 0.010880710845510;
        0.000304380596836, -0.000138598618373, 0.012102952647040;
        0.000332138335242, -0.000151937033168, 0.013286730724072;
        0.000360178772877, -0.000165548335865, 0.014513113237838;
        0.000391217485276, -0.000180747909348, 0.015903045570215;
        0.000427988340274, -0.000198855626429, 0.017577406585612;
        0.000473206913407, -0.000221187202576, 0.019657241442106;
        0.000528403106385, -0.000248472666977, 0.022228307782256;
        0.000592792013112, -0.000280444286830, 0.025276470644616;
        0.000665621986227, -0.000316920802043, 0.028772961225302;
        0.000746154681862, -0.000357725941332, 0.032688844426766;
        0.000833630137971, -0.000402676781666, 0.036995351445125;
        0.000926920883513, -0.000451307700786, 0.041685331652825;
        0.001026502518367, -0.000503839869265, 0.046843761112203;
        0.001134069574969, -0.000561126373600, 0.052580892522536;
        0.001251313259883, -0.000624025289097, 0.059006645995773;
        0.001379908150306, -0.000693388039316, 0.066231107937527;
        0.001519448489699, -0.000768873722246, 0.074241806322993;
        0.001666162737759, -0.000848588253054, 0.083027599476678;
        0.001816691762473, -0.000931053281065, 0.092700901915492;
        0.001967669780080, -0.001014785466796, 0.103373795569017;
        0.002115804176032, -0.001098319763067, 0.115158694954161;
        0.002259348866855, -0.001180969377046, 0.128158868436312;
        0.002392799532269, -0.001259363536160, 0.142112569788227;
        0.002506876985820, -0.001327954683778, 0.156583777022720;
        0.002592401817249, -0.001381195263266, 0.171137798501919;
        0.002640094840104, -0.001413536055054, 0.185335951540014;
        0.002644967244461, -0.001421757613806, 0.198948750880590;
        0.002605372723047, -0.001405091662793, 0.211991162953414;
        0.002517486521587, -0.001361735578697, 0.224409973785984;
        0.002377317592144, -0.001289861794150, 0.236145317659237;
        0.002180974662980, -0.001187657708215, 0.247143980600670;
        0.001924100840095, -0.001053270809472, 0.257316164031687;
        0.001608139552493, -0.000886744334274, 0.266618631599630;
        0.001238071295413, -0.000689137573263, 0.275068012670906;
        0.000818888204651, -0.000461511480014, 0.282679273675282;
        0.000355567449573, -0.000204920356357, 0.289469043979163;
        -0.000150341445461, 0.000080994992021, 0.295430671835987;
        -0.000700580240287, 0.000395840449137, 0.300580786612162;
        -0.001295161573224, 0.000737435905054, 0.304960961723703;
        -0.001934194865503, 0.001103627856825, 0.308616096459910;
        -0.002617678454188, 0.001492232868638, 0.311586101300158;
        -0.003344697724125, 0.001901734342277, 0.313897583230698;
        -0.004116050884903, 0.002333416064831, 0.315602093287391;
        -0.004934431893879, 0.002789310144872, 0.316781115365630;
        -0.005802651113976, 0.003271478623836, 0.317521122170731;
        -0.006723369243819, 0.003781933655058, 0.317901934661446;
        -0.007697234828698, 0.004321656371156, 0.317961800380511;
        -0.008722751225637, 0.004889948338741, 0.317730652187457;
        -0.009799652364773, 0.005486343935553, 0.317278333421193;
        -0.010927655546876, 0.006110410798066, 0.316678013293908;
        -0.012106378296520, 0.006761683304020, 0.316001198081153;
        -0.013333974754034, 0.007439546166859, 0.315307753501991;
        -0.014607335227899, 0.008144465008842, 0.314547791457202;
        -0.015924364417948, 0.008877603885617, 0.313631513368190;
        -0.017283066800213, 0.009640160111565, 0.312467457719716;
        -0.018681263927693, 0.010433247854237, 0.310967488869826;
        -0.020117043423253, 0.011258413644707, 0.309080055782658;
        -0.021582589484681, 0.012113695217739, 0.306805158458213;
        -0.023066095261829, 0.012995035007931, 0.304136145149928;
        -0.024555587610882, 0.013898392079246, 0.301058049428036;
        -0.026039425975358, 0.014819708866280, 0.297564219545975;
        -0.027511956370677, 0.015756690516469, 0.293689577173199;
        -0.028968855161573, 0.016712014357805, 0.289379245400566;
        -0.030400976196524, 0.017688823340538, 0.284483559930415;
