% *************************************************************************
% * Copyright 2017 Sebastian Merzbach
% *
% * authors:
% *  - Sebastian Merzbach <smerzbach@gmail.com>
% *
% * file creation date: 2017-01-09
% *
% * This file is part of smml.
% *
% * smml is free software: you can redistribute it and/or modify it under
% * the terms of the GNU Lesser General Public License as published by the
% * Free Software Foundation, either version 3 of the License, or (at your
% * option) any later version.
% *
% * smml is distributed in the hope that it will be useful, but WITHOUT
% * ANY WARRANTY; without even the implied warranty of MERCHANTABILITY or
% * FITNESS FOR A PARTICULAR PURPOSE.  See the GNU Lesser General Public
% * License for more details.
% *
% * You should have received a copy of the GNU Lesser General Public
% * License along with smml.  If not, see <http://www.gnu.org/licenses/>.
% *
% *************************************************************************
%
% Return the CIE XYZ 1964 standard observer curves and their wavelength
% sampling.
function [xyz, wls] = ciexyz()
    xyz = [0.000160, 0.000017, 0.000705;
        0.000662, 0.000072, 0.002928;
        0.002362, 0.000253, 0.010482;
        0.007242, 0.000769, 0.032344;
        0.019110, 0.002004, 0.086011;
        0.043400, 0.004509, 0.197120;
        0.084736, 0.008756, 0.389366;
        0.140638, 0.014456, 0.656760;
        0.204492, 0.021391, 0.972542;
        0.264737, 0.029497, 1.282500;
        0.314679, 0.038676, 1.553480;
        0.357719, 0.049602, 1.798500;
        0.383734, 0.062077, 1.967280;
        0.386726, 0.074704, 2.027300;
        0.370702, 0.089456, 1.994800;
        0.342957, 0.106256, 1.900700;
        0.302273, 0.128201, 1.745370;
        0.254085, 0.152761, 1.554900;
        0.195618, 0.185190, 1.317560;
        0.132349, 0.219940, 1.030200;
        0.080507, 0.253589, 0.772125;
        0.041072, 0.297665, 0.570060;
        0.016172, 0.339133, 0.415254;
        0.005132, 0.395379, 0.302356;
        0.003816, 0.460777, 0.218502;
        0.015444, 0.531360, 0.159249;
        0.037465, 0.606741, 0.112044;
        0.071358, 0.685660, 0.082248;
        0.117749, 0.761757, 0.060709;
        0.172953, 0.823330, 0.043050;
        0.236491, 0.875211, 0.030451;
        0.304213, 0.923810, 0.020584;
        0.376772, 0.961988, 0.013676;
        0.451584, 0.982200, 0.007918;
        0.529826, 0.991761, 0.003988;
        0.616053, 0.999110, 0.001091;
        0.705224, 0.997340, 0.000000;
        0.793832, 0.982380, 0.000000;
        0.878655, 0.955552, 0.000000;
        0.951162, 0.915175, 0.000000;
        1.014160, 0.868934, 0.000000;
        1.074300, 0.825623, 0.000000;
        1.118520, 0.777405, 0.000000;
        1.134300, 0.720353, 0.000000;
        1.123990, 0.658341, 0.000000;
        1.089100, 0.593878, 0.000000;
        1.030480, 0.527963, 0.000000;
        0.950740, 0.461834, 0.000000;
        0.856297, 0.398057, 0.000000;
        0.754930, 0.339554, 0.000000;
        0.647467, 0.283493, 0.000000;
        0.535110, 0.228254, 0.000000;
        0.431567, 0.179828, 0.000000;
        0.343690, 0.140211, 0.000000;
        0.268329, 0.107633, 0.000000;
        0.204300, 0.081187, 0.000000;
        0.152568, 0.060281, 0.000000;
        0.112210, 0.044096, 0.000000;
        0.081261, 0.031800, 0.000000;
        0.057930, 0.022602, 0.000000;
        0.040851, 0.015905, 0.000000;
        0.028623, 0.011130, 0.000000;
        0.019941, 0.007749, 0.000000;
        0.013842, 0.005375, 0.000000;
        0.009577, 0.003718, 0.000000;
        0.006605, 0.002565, 0.000000;
        0.004553, 0.001768, 0.000000;
        0.003145, 0.001222, 0.000000;
        0.002175, 0.000846, 0.000000;
        0.001506, 0.000586, 0.000000;
        0.001045, 0.000407, 0.000000;
        0.000727, 0.000284, 0.000000;
        0.000508, 0.000199, 0.000000;
        0.000356, 0.000140, 0.000000;
        0.000251, 0.000098, 0.000000;
        0.000178, 0.000070, 0.000000;
        0.000126, 0.000050, 0.000000;
        0.000090, 0.000036, 0.000000;
        0.000065, 0.000025, 0.000000;
        0.000046, 0.000018, 0.000000;
        0.000033, 0.000013, 0.000000];
    
    wls = (380 : 5 : 780)';
end